0.000 0.000000
0.020 0.022565
0.040 0.045111
0.060 0.067622
0.080 0.090078
0.100 0.112463
0.120 0.134758
0.140 0.156947
0.160 0.179012
0.180 0.200936
0.200 0.222703
0.220 0.244296
0.240 0.265700
0.260 0.286900
0.280 0.307880
0.300 0.328627
0.320 0.349126
0.340 0.369365
0.360 0.389330
0.380 0.409009
0.400 0.428392
0.420 0.447468
0.440 0.466225
0.460 0.484655
0.480 0.502750
0.500 0.520500
0.520 0.537899
0.540 0.554939
0.560 0.571616
0.580 0.587923
0.600 0.603856
0.620 0.619411
0.640 0.634586
0.660 0.649377
0.680 0.663782
0.700 0.677801
0.720 0.691433
0.740 0.704678
0.760 0.717537
0.780 0.730010
0.800 0.742101
0.820 0.753811
0.840 0.765143
0.860 0.776100
0.880 0.786687
0.900 0.796908
0.920 0.806768
0.940 0.816271
0.960 0.825424
0.980 0.834232
1.000 0.842701
1.020 0.850838
1.040 0.858650
1.060 0.866144
1.080 0.873326
1.100 0.880205
1.120 0.886788
1.140 0.893082
1.160 0.899096
1.180 0.904837
1.200 0.910314
1.220 0.915534
1.240 0.920505
1.260 0.925236
1.280 0.929734
1.300 0.934008
1.320 0.938065
1.340 0.941914
1.360 0.945561
1.380 0.949016
1.400 0.952285
1.420 0.955376
1.440 0.958297
1.460 0.961054
1.480 0.963654
1.500 0.966105
1.520 0.968413
1.540 0.970586
1.560 0.972628
1.580 0.974547
1.600 0.976348
1.620 0.978038
1.640 0.979622
1.660 0.981105
1.680 0.982493
1.700 0.983790
1.720 0.985003
1.740 0.986135
1.760 0.987190
1.780 0.988174
1.800 0.989091
1.820 0.989943
1.840 0.990736
1.860 0.991472
1.880 0.992156
1.900 0.992790
1.920 0.993378
1.940 0.993923
1.960 0.994426
1.980 0.994892
2.000 0.995322
2.020 0.995719
2.040 0.996086
2.060 0.996423
2.080 0.996734
2.100 0.997021
2.120 0.997284
2.140 0.997525
2.160 0.997747
2.180 0.997951
2.200 0.998137
2.220 0.998308
2.240 0.998464
2.260 0.998607
2.280 0.998738
2.300 0.998857
2.320 0.998966
2.340 0.999065
2.360 0.999155
2.380 0.999237
2.400 0.999311
2.420 0.999379
2.440 0.999441
2.460 0.999497
2.480 0.999547
2.500 0.999593
2.520 0.999635
2.540 0.999672
2.560 0.999706
2.580 0.999736
2.600 0.999764
2.620 0.999789
2.640 0.999811
2.660 0.999831
2.680 0.999849
2.700 0.999866
2.720 0.999880
2.740 0.999893
2.760 0.999905
2.780 0.999916
2.800 0.999925
2.820 0.999933
2.840 0.999941
2.860 0.999948
2.880 0.999954
2.900 0.999959
2.920 0.999964
2.940 0.999968
2.960 0.999972
2.980 0.999975
3.000 0.999978
